0.333333
-1.020833
1.000000
-0.354167
0.312500
-1.020833
0.333333
-1.020833
0.312500
-1.020833
1.000000
-0.375000
0.291667
-1.041667
1.000000
-0.354167
0.312500
-1.020833
0.333333
-1.020833
0.312500
-1.041667
0.312500
-1.020833
0.312500
-1.020833
1.000000
-0.375000
0.312500
-1.020833
1.000000
-0.354167
0.312500
-1.020833
1.000000
-0.375000
0.291667
-1.041667
0.979167
-0.375000
0.312500
-1.020833
0.312500
-1.041667
0.312500
-1.020833
1.000000
-0.354167
0.312500
-10.437500
0.312500
-1.041667
0.979167
-0.375000
0.312500
-1.020833
0.312500
-1.041667
0.291667
-1.041667
1.000000
-0.354167
0.312500
-1.041667
0.979167
-0.375000
0.291667
-1.041667
0.312500
-1.020833
0.333333
-1.020833
0.312500
-1.041667
0.312500
-1.020833
1.000000
-0.354167
0.312500
-1.041667
0.979167
-0.375000
0.312500
-1.020833
0.979167
-0.375000
0.312500
-1.020833
1.000000
-0.354167
0.312500
-1.041667
0.312500
-1.020833
0.312500
-1.062500
0.979167
-0.354167
0.312500
-10.437500
0.312500
-1.041667
0.979167
-0.354167
0.312500
-1.041667
0.312500
-1.020833
0.333333
-1.020833
1.000000
-0.354167
0.312500
-1.041667
0.979167
-0.354167
0.312500
-1.041667
0.312500
-1.020833
0.312500
-1.041667
0.312500
-1.041667
0.312500
-1.020833
1.000000
-0.354167
0.312500
-1.041667
0.979167
-0.375000
0.312500
-1.020833
1.000000
-0.354167
0.312500
-1.020833
1.000000
-0.354167
0.312500
-1.041667
0.312500
-1.020833
0.312500
-1.041667
1.000000
-0.354167
0.312500
-10.437500
0.312500
-1.020833
1.000000
-0.375000
0.291667
-1.041667
0.312500
-1.020833
0.312500
-1.041667
1.000000
-0.354167
0.312500
-1.020833
1.000000
-0.354167
0.312500
-1.041667
0.312500
-1.041667
0.312500
-1.020833
0.312500
-1.041667
0.312500
-1.020833
1.000000
-0.354167
0.312500
-1.041667
0.979167
-0.375000
0.312500
-1.020833
1.020833
-0.333333
0.312500
-1.020833
1.000000
-0.354167
1.000000
-0.354167
1.000000
-0.354167
1.000000
-0.354167
0.979167
-0.375000
0.354167
